<?xml version="1.0"?>
<opencv_storage>
<huMean type_id="opencv-matrix">
  <rows>1</rows>
  <cols>7</cols>
  <dt>d</dt>
  <data>
    0.7187065651343908 2.8743169361500649 4.532973983014247
    5.3051420783017393 0.14654686036620243 -2.6271326320127817
    -0.41163696958704538</data></huMean>
<huStd type_id="opencv-matrix">
  <rows>1</rows>
  <cols>7</cols>
  <dt>d</dt>
  <data>
    0.060097385592398696 0.60667066937649761 0.78512040368216962
    0.91952445500489943 10.639527660617432 6.5912368025562476
    10.659152827782345</data></huStd>
</opencv_storage>
