<?xml version="1.0"?>
<opencv_storage>
<huMean type_id="opencv-matrix">
  <rows>1</rows>
  <cols>7</cols>
  <dt>d</dt>
  <data>
    0.66610049749706479 2.5257572374578809 3.9562668774193095
    4.646971547037734 -1.0427594790763304 -1.1539305156480366
    -0.74271008358248003</data></huMean>
<huStd type_id="opencv-matrix">
  <rows>1</rows>
  <cols>7</cols>
  <dt>d</dt>
  <data>
    0.072678487398761954 0.49091999524197699 0.9747650708945631
    0.87519703743748767 9.3502043898437659 6.222363313782056
    9.3647537782592671</data></huStd>
</opencv_storage>
